Estimators        |      50             60		70		80		90		100
		  ____________________________________________________________________________________________
Iterations:  500  |  0.551415384615 0.553538461538 0.555528205128 0.556815384615 0.557421538462 0.558256410256
Iterations:  600  |  0.557273504274 0.557216117216 0.557240384615 0.557276353276 0.557761538462 0.557955710956
Iterations:  700  |  0.557709167545 0.557653846154 0.557605658709 0.557698854337 0.558013709063 0.558239316239
Iterations:  800  |  0.5580066313   0.557790322581 0.557898601399 0.557810989011 0.557970893971 0.558190335306
Iterations:  900  |  0.557987878788 0.557848806366 0.557857082808 0.557880608974 0.55801224646 	0.558092307692
Iterations:  1000 |  0.557997202797 0.557925083612 0.557930769231 0.557950153846 0.558049704142 0.558205698006
Score:  0.558256410256  Iterations:  500  Estimators:  100

